evaluate_functions_8000,4.739654799999999,4.708772,4.787509,0.0318242820610302,4.73654,4.713996,4.708772,4.73654,4.751457,4.787509
evaluate_functions_9000,5.272579400000001,5.177247,5.339555,0.06553991393647056,5.292025,5.339555,5.292025,5.177247,5.316973,5.237097
iterative_fibonacci_10,0.0,0.0,0.0,0.0,0.0,0.0,0.0,0.0,0.0,0.0
recursive_fibonacci_10,0.00011659999999999999,0.0,0.00036,0.00016684663616627098,0.0,0.0,0.000223,0.0,0.00036,0.0
loop_solver_20,0.48312859999999996,0.426581,0.577532,0.06068528456141574,0.480783,0.426581,0.577532,0.433868,0.480783,0.496879
vectorized_solver_20,0.027227999999999995,0.024999,0.031432,0.002628586977826681,0.027034,0.024999,0.025039,0.027636,0.027034,0.031432
loop_solver_30,2.5851556,2.491577,2.714825,0.09465816023354771,2.602671,2.714825,2.491577,2.623644,2.602671,2.493061
vectorized_solver_30,0.0758754,0.074516,0.077437,0.0012041695478627603,0.076019,0.074516,0.074856,0.076549,0.076019,0.077437
loop_solver_35,5.2398694,4.743568,6.209791,0.5876939574321826,5.063839,4.743568,4.846936,5.063839,5.335213,6.209791
vectorized_solver_35,0.1655658,0.151528,0.183164,0.012430269212692054,0.167763,0.183164,0.151528,0.169391,0.167763,0.155983
loop_solver_25,1.208081,1.156618,1.262255,0.044422942591638356,1.202435,1.202435,1.243269,1.156618,1.262255,1.175828
vectorized_solver_25,0.0439456,0.042711,0.045899,0.0014500578609145224,0.043023,0.045096,0.043023,0.042999,0.042711,0.045899
loop_solver_35,5.7196296,4.682262,6.673285,0.9853250069663817,5.95628,4.686559,4.682262,5.95628,6.673285,6.599762
vectorized_solver_35,0.1663068,0.162006,0.176831,0.005982236513211419,0.163858,0.176831,0.162006,0.163798,0.165041,0.163858
